#birthrate, moranrate, asymmetricrate, N, N0, μ, r
48  48   0    3    1  0.01  1.0
48  48   0    5    1  0.01  1.0
48  48   0    5    2  0.01  1.0
48  48   0   20    1  0.01  1.0
48  48   0   20    2  0.01  1.0
48  48   0   20   10  0.01  1.0
48  48   0  100    1  0.01  1.0
48  48   0  100    2  0.01  1.0
48  48   0  100   50  0.01  1.0
48  48   0    3    1  1.00  1.0
48  48   0    5    1  1.00  1.0
48  48   0    5    2  1.00  1.0
48  48   0   20    1  1.00  1.0
48  48   0   20    2  1.00  1.0
48  48   0   20   10  1.00  1.0
48  48   0  100    1  1.00  1.0
48  48   0  100    2  1.00  1.0
48  48   0  100   50  1.00  1.0
48  48   0    3    1  0.01  2.0
48  48   0    5    1  0.01  2.0
48  48   0    5    2  0.01  2.0
48  48   0   20    1  0.01  2.0
48  48   0   20    2  0.01  2.0
48  48   0   20   10  0.01  2.0
48  48   0  100    1  0.01  2.0
48  48   0  100    2  0.01  2.0
48  48   0  100   50  0.01  2.0
48  48   0    3    1  1.00  2.0
48  48   0    5    1  1.00  2.0
48  48   0    5    2  1.00  2.0
48  48   0   20    1  1.00  2.0
48  48   0   20    2  1.00  2.0
48  48   0   20   10  1.00  2.0
48  48   0  100    1  1.00  2.0
48  48   0  100    2  1.00  2.0
48  48   0  100   50  1.00  2.0
48  48   0    3    1  0.01  4.0
48  48   0    5    1  0.01  4.0
48  48   0    5    2  0.01  4.0
48  48   0   20    1  0.01  4.0
48  48   0   20    2  0.01  4.0
48  48   0   20   10  0.01  4.0
48  48   0  100    1  0.01  4.0
48  48   0  100    2  0.01  4.0
48  48   0  100   50  0.01  4.0
48  48   0    3    1  1.00  4.0
48  48   0    5    1  1.00  4.0
48  48   0    5    2  1.00  4.0
48  48   0   20    1  1.00  4.0
48  48   0   20    2  1.00  4.0
48  48   0   20   10  1.00  4.0
48  48   0  100    1  1.00  4.0
48  48   0  100    2  1.00  4.0
48  48   0  100   50  1.00  4.0
48  48   0    3    1  0.01  8.0
48  48   0    5    1  0.01  8.0
48  48   0    5    2  0.01  8.0
48  48   0   20    1  0.01  8.0
48  48   0   20    2  0.01  8.0
48  48   0   20   10  0.01  8.0
48  48   0  100    1  0.01  8.0
48  48   0  100    2  0.01  8.0
48  48   0  100   50  0.01  8.0
48  48   0    3    1  1.00  8.0
48  48   0    5    1  1.00  8.0
48  48   0    5    2  1.00  8.0
48  48   0   20    1  1.00  8.0
48  48   0   20    2  1.00  8.0
48  48   0   20   10  1.00  8.0
48  48   0  100    1  1.00  8.0
48  48   0  100    2  1.00  8.0
48  48   0  100   50  1.00  8.0
48  48   0    3    1  0.01  16.0
48  48   0    5    1  0.01  16.0
48  48   0    5    2  0.01  16.0
48  48   0   20    1  0.01  16.0
48  48   0   20    2  0.01  16.0
48  48   0   20   10  0.01  16.0
48  48   0  100    1  0.01  16.0
48  48   0  100    2  0.01  16.0
48  48   0  100   50  0.01  16.0
48  48   0    3    1  1.00  16.0
48  48   0    5    1  1.00  16.0
48  48   0    5    2  1.00  16.0
48  48   0   20    1  1.00  16.0
48  48   0   20    2  1.00  16.0
48  48   0   20   10  1.00  16.0
48  48   0  100    1  1.00  16.0
48  48   0  100    2  1.00  16.0
48  48   0  100   50  1.00  16.0
48   0  48    3    1  0.01  1.0
48   0  48    5    1  0.01  1.0
48   0  48    5    2  0.01  1.0
48   0  48   20    1  0.01  1.0
48   0  48   20    2  0.01  1.0
48   0  48   20   10  0.01  1.0
48   0  48  100    1  0.01  1.0
48   0  48  100    2  0.01  1.0
48   0  48  100   50  0.01  1.0
48   0  48    3    1  1.00  1.0
48   0  48    5    1  1.00  1.0
48   0  48    5    2  1.00  1.0
48   0  48   20    1  1.00  1.0
48   0  48   20    2  1.00  1.0
48   0  48   20   10  1.00  1.0
48   0  48  100    1  1.00  1.0
48   0  48  100    2  1.00  1.0
48   0  48  100   50  1.00  1.0
48   0  48    3    1  0.01  2.0
48   0  48    5    1  0.01  2.0
48   0  48    5    2  0.01  2.0
48   0  48   20    1  0.01  2.0
48   0  48   20    2  0.01  2.0
48   0  48   20   10  0.01  2.0
48   0  48  100    1  0.01  2.0
48   0  48  100    2  0.01  2.0
48   0  48  100   50  0.01  2.0
48   0  48    3    1  1.00  2.0
48   0  48    5    1  1.00  2.0
48   0  48    5    2  1.00  2.0
48   0  48   20    1  1.00  2.0
48   0  48   20    2  1.00  2.0
48   0  48   20   10  1.00  2.0
48   0  48  100    1  1.00  2.0
48   0  48  100    2  1.00  2.0
48   0  48  100   50  1.00  2.0
48   0  48    3    1  0.01  4.0
48   0  48    5    1  0.01  4.0
48   0  48    5    2  0.01  4.0
48   0  48   20    1  0.01  4.0
48   0  48   20    2  0.01  4.0
48   0  48   20   10  0.01  4.0
48   0  48  100    1  0.01  4.0
48   0  48  100    2  0.01  4.0
48   0  48  100   50  0.01  4.0
48   0  48    3    1  1.00  4.0
48   0  48    5    1  1.00  4.0
48   0  48    5    2  1.00  4.0
48   0  48   20    1  1.00  4.0
48   0  48   20    2  1.00  4.0
48   0  48   20   10  1.00  4.0
48   0  48  100    1  1.00  4.0
48   0  48  100    2  1.00  4.0
48   0  48  100   50  1.00  4.0
48   0  48    3    1  0.01  8.0
48   0  48    5    1  0.01  8.0
48   0  48    5    2  0.01  8.0
48   0  48   20    1  0.01  8.0
48   0  48   20    2  0.01  8.0
48   0  48   20   10  0.01  8.0
48   0  48  100    1  0.01  8.0
48   0  48  100    2  0.01  8.0
48   0  48  100   50  0.01  8.0
48   0  48    3    1  1.00  8.0
48   0  48    5    1  1.00  8.0
48   0  48    5    2  1.00  8.0
48   0  48   20    1  1.00  8.0
48   0  48   20    2  1.00  8.0
48   0  48   20   10  1.00  8.0
48   0  48  100    1  1.00  8.0
48   0  48  100    2  1.00  8.0
48   0  48  100   50  1.00  8.0
48   0  48    3    1  0.01  16.0
48   0  48    5    1  0.01  16.0
48   0  48    5    2  0.01  16.0
48   0  48   20    1  0.01  16.0
48   0  48   20    2  0.01  16.0
48   0  48   20   10  0.01  16.0
48   0  48  100    1  0.01  16.0
48   0  48  100    2  0.01  16.0
48   0  48  100   50  0.01  16.0
48   0  48    3    1  1.00  16.0
48   0  48    5    1  1.00  16.0
48   0  48    5    2  1.00  16.0
48   0  48   20    1  1.00  16.0
48   0  48   20    2  1.00  16.0
48   0  48   20   10  1.00  16.0
48   0  48  100    1  1.00  16.0
48   0  48  100    2  1.00  16.0
48   0  48  100   50  1.00  16.0
